image: corridor2.png
resolution: 0.050000
origin: [-1.000000, -4.300000, 0.000000]
negate: 0
occupied_thresh: 0.65
free_thresh: 0.196

