image: free_space_map.png
resolution: 0.050000
origin: [-20.000000, -15.00000, 0.000000]
negate: 0
occupied_thresh: 0.65
free_thresh: 0.196

