image: static_map.png
resolution: 0.050000
origin: [-1.000000, -5.500000, 0.000000]
negate: 0
occupied_thresh: 0.65
free_thresh: 0.196

